-50	50	1
4.7767003600000002e-88
2.34977108e-82
7.4144254600000004e-77
1.5007488700000001e-71
1.9486992900000001e-66
1.6233781999999998e-61
8.67699375e-57
2.9760197099999999e-52
6.5504057999999997e-48
9.2538704599999993e-44
8.3920479299999997e-40
4.8862986099999999e-36
1.8270567300000001e-32
4.3882789499999998e-29
6.7723435400000001e-26
6.7181061800000004e-23
4.2856297500000003e-20
1.7590826099999999e-17
4.6490875399999996e-15
7.9186019700000003e-13
8.7022454100000005e-11
6.1798192099999999e-09
2.8416007899999999e-07
8.4838902500000002e-06
0.00016510148300000001
0.0021059410000000001
0.017753182199999998
0.100184949
0.38631490200000002
1.0525356699999999
2.1361422399999999
3.4726349000000001
4.8634517199999996
6.1044662799999996
6.8963384599999999
7.0589876800000004
6.8007946600000002
6.5893186500000001
6.7355607400000004
7.0935889899999998
7.2238838200000002
6.95124093
6.6644947999999999
6.7924705300000001
7.18691309
7.3389222399999996
7.0059677599999999
6.5009385599999998
6.3994508200000002
6.8688113399999997
7.4051591300000004
7.4388587499999996
7.03582836
6.7382234299999997
6.8685338900000001
7.1940073599999996
7.2073486899999999
6.7812871699999997
6.4096921800000004
6.5388248000000004
7.0066459700000001
7.3311118500000001
7.2424015199999996
6.8579453700000004
6.3585255700000003
5.6687111999999997
4.8095391200000002
4.2155514900000002
4.1210878600000003
4.0100577700000004
3.2609309799999999
2.0075617499999998
0.89484313500000001
0.28188991600000002
0.061714116300000003
0.0092629629500000001
0.00094180711499999999
6.4166229300000003e-05
2.9013579900000002e-06
8.6354485900000001e-08
1.6805768100000001e-09
2.1274267599999999e-11
1.7448413700000001e-13
9.2446601499999994e-16
3.1574304399999999e-18
6.9409282300000003e-21
9.80991086e-24
8.9070976600000001e-27
5.1926500100000003e-30
1.9429047499999999e-33
4.6644578800000003e-37
7.1837442699999998e-41
7.0964050400000002e-45
4.4959281099999998e-49
1.82667789e-53
4.7593041900000002e-58
7.9514710700000003e-63
8.5184833299999993e-68
5.8516640400000006e-73
2.5774645499999998e-78
7.2794375400000003e-84

